14
0 0 0 0
0 0 0 0
0 0 0 0
0 0 0 0
2 2 2 2
2 2 2 2
2 2 2 2
2 2 2 2
8 8 8 8
8 8 8 8
8 8 8 8
8 8 8 8
2 4 8 16
2 4 8 16
2 4 8 16
2 4 8 16
2 2048 0 0
2 0 0 0
0 0 0 0
0 0 0 0
2 4 8 16
4 2 16 8
256 4 8 2
2 8 4 16
2048 2048 2048 2048
2048 2048 2048 2048
2048 2048 2048 2048
2048 2048 2048 2048
0 0 0 0
0 0 0 0
0 0 0 0
0 0 0 0
2 2 2 2
2 2 2 2
2 2 2 2
2 2 2 2
8 8 8 8
8 8 8 8
8 8 8 8
8 8 8 8
2 4 8 16
2 4 8 16
2 4 8 16
2 4 8 16
2 2048 0 0
2 0 0 0
0 0 0 0
0 0 0 0
2 4 8 16
4 2 16 8
256 4 8 2
2 8 4 16
2048 2048 2048 2048
2048 2048 2048 2048
2048 2048 2048 2048
2048 2048 2048 2048
